function d = density(MP)

x1 = MP(:,1);
x2 = MP(:,2);
x3 = MP(:,3);

% Coeficientes
c0001 = 1.12872291355400890000;
c0002 = -0.91750307954778332000;
c0003 = -0.33148413579224822000;
c0004 = -3.14937040749177250000;
c0005 = 2.55885877000588870000;
c0006 = -2.23084124735400820000;
c0007 = -0.47048999196428470000;
c0008 = -0.75361112750307191000;
c0009 = 4.98917693409240570000;
c0010 = 3.21346086915169550000;
c0011 = -4.03929034975070160000;
c0012 = 2.44962740254562620000;
c0013 = 5.44293866746570830000;
c0014 = 1.37996613061714800000;
c0015 = -4.44789615085427400000;
c0016 = -2.87008300819235580000;
c0017 = 0.31389574048991764000;
c0018 = -1.10126541854695040000;
c0019 = -1.09210043802621870000;
c0020 = -2.98076863191897660000;
c0021 = 1.41727576713322770000;
c0022 = 0.07366888730201255600;
c0023 = -2.48037353432176830000;
c0024 = -2.07840600142672870000;
c0025 = 1.74013407388452700000;
c0026 = 0.01481064756771906900;
c0027 = 0.73477229190308557000;
c0028 = 0.90504645098657821000;
c0029 = -0.86034983047707159000;
c0030 = 2.19164821971466360000;
c0031 = -1.12596675722239480000;
c0032 = 2.21409762334900280000;
c0033 = -3.51581728096842610000;
c0034 = 4.65662037768521750000;
c0035 = 0.01494823452967006900;
c0036 = -0.25695763004623029000;
c0037 = -0.09973236206593473500;
c0038 = 0.61202561525701182000;
c0039 = 0.25230212122163170000;
c0040 = -0.01110942804632015200;
c0041 = -0.49249369912535773000;
c0042 = 0.17934827083495536000;
c0043 = -0.58802020880291084000;
c0044 = 0.23689048964045753000;
c0045 = 0.14842079859819801000;
c0046 = -0.18100942578647120000;
c0047 = 0.19474132255837753000;
c0048 = 0.11145031526382343000;
c0049 = -0.09451699575013783300;
c0050 = -0.01221895477813447400;
c0051 = 0.12271756717400355000;
c0052 = -0.20841509223480564000;
c0053 = 0.11035233370144996000;
c0054 = -0.02474840288137819900;
c0055 = 0.00452652638935485680;

% Polinomio
t1 = x1 .^ 2;
t2 = t1 .* x1;
t4 = x2 .* x3;
t7 = x2 .^ 2;
t8 = t7 .* x3;
t11 = x3 .^ 2;
t12 = x2 .* t11;
t15 = t7 .* x2;
t22 = x3 .* t11;
t39 = c0022 .* x1 .* t15 .* x3 + c0024 .* x1 .* t7 .* t11 + c0027 .* x1 .* x2 .* t22 + c0006 .* t2 .* t4 + c0012 .* t1 .* t8 + c0014 .* t1 .* t12 + c0015 .* t1 .* t4 + c0018 .* t1 .* t11 + c0025 .* x1 .* t8 + c0028 .* x1 .* t12 + c0029 .* x1 .* t4 + c0039 .* t15 .* t11 + c0043 .* t7 .* t11;
t47 = t7 .^ 2;
t69 = c0008 .* t2 .* t11 + c0009 .* t2 .* x3 + c0011 .* t1 .* t15 + c0016 .* t1 .* x2 + c0017 .* t1 .* t22 + c0019 .* t1 .* x3 + c0021 .* x1 .* t47 + c0023 .* x1 .* t15 + c0030 .* x1 .* x2 + c0032 .* x1 .* t22 + c0034 .* x1 .* x3 + c0037 .* t47 .* x3 + c0040 .* t15 .* x3 + c0049 .* x2 .* x3;
t71 = t1 .^ 2;
t79 = t11 .^ 2;
t100 = c0002 .* t71 .* x2 + c0003 .* t71 .* x3 + c0005 .* t2 .* t7 + c0007 .* t2 .* x2 + c0013 .* t1 .* t7 + c0026 .* x1 .* t7 + c0031 .* x1 .* t79 + c0033 .* x1 .* t11 + c0042 .* t7 .* t22 + c0044 .* t7 .* x3 + c0046 .* x2 .* t79 + c0047 .* x2 .* t22 + c0048 .* x2 .* t11 + c0053 .* t22;
t118 = c0001 .* t71 .* x1 + c0036 .* t47 .* x2 + c0051 .* t79 .* x3 + c0004 .* t71 + c0010 .* t2 + c0020 .* t1 + c0035 .* x1 + c0038 .* t47 + c0041 .* t15 + c0045 .* t7 + c0050 .* x2 + c0052 .* t79 + c0054 .* t11 + c0055 .* x3;
d = t39 + t69 + t100 + t118;


% x1 = MP(:,1);
% x2 = MP(:,2);
% x3 = MP(:,3);
% x4 = MP(:,4);

% % Coeficientes
% c0001 = 1.12833182559186350000;
% c0002 = -0.91827873072997968000;
% c0003 = -0.33225978697527209000;
% c0004 = 0.00000185184617607381;
% c0005 = -3.14725240187325060000;
% c0006 = 2.55751676819985980000;
% c0007 = -2.23261230189122670000;
% c0008 = -0.00000388988083070878;
% c0009 = -0.46597623982088043000;
% c0010 = -0.75495312930818315000;
% c0011 = 0.00000540304821248170;
% c0012 = 4.99368139330651490000;
% c0013 = -0.00518275991831394340;
% c0014 = 0.01036113223682506200;
% c0015 = 3.20361039906701480000;
% c0016 = -4.03894744498663720000;
% c0017 = 2.44950702067614400000;
% c0018 = 0.00000775137782133127;
% c0019 = 5.44330539599272270000;
% c0020 = 1.37984574874719290000;
% c0021 = -0.00000803278107488130;
% c0022 = -4.44623824856522010000;
% c0023 = 0.00130846665217404400;
% c0024 = -0.00261768036528807130;
% c0025 = -2.87153300067969570000;
% c0026 = 0.31423864525339912000;
% c0027 = 0.00000238435556694673;
% c0028 = -1.10089332299687180000;
% c0029 = 0.00273258623932732140;
% c0030 = -0.00546869195752159970;
% c0031 = -1.09220898568414420000;
% c0032 = 0.00000944476256326744;
% c0033 = 0.00416090698533552830;
% c0034 = -0.00834744618536001170;
% c0035 = -2.97414959124237170000;
% c0036 = 1.42153171107662830000;
% c0037 = 0.07927849872495711100;
% c0038 = -0.00000539800668381624;
% c0039 = -2.49488863984962660000;
% c0040 = -2.07244173247331040000;
% c0041 = -0.00000234608243380619;
% c0042 = 1.72179006645681150000;
% c0043 = -0.00050821390296201807;
% c0044 = 0.00102520918601866060;
% c0045 = 0.03316499759326260700;
% c0046 = 0.74038190332631837000;
% c0047 = 0.00000273566476710412;
% c0048 = 0.88669736181120795000;
% c0049 = 0.00104291753993642610;
% c0050 = -0.00208306130881187510;
% c0051 = -0.83717960180920326000;
% c0052 = 0.00000523311634945897;
% c0053 = -0.00103822655772520490;
% c0054 = 0.00205367799016721800;
% c0055 = 2.17946621773413530000;
% c0056 = -1.12171081327859650000;
% c0057 = -0.00000700637958334063;
% c0058 = 2.19958412619249130000;
% c0059 = -0.00029783860150103347;
% c0060 = 0.00060699167475139276;
% c0061 = -3.49726771124945210000;
% c0062 = 0.00000675216647961940;
% c0063 = -0.00244006340358603230;
% c0064 = 0.00485231715243504900;
% c0065 = 4.64312389111927890000;
% c0066 = -0.00992792893544305890;
% c0067 = 0.03969732623213476800;
% c0068 = -0.05860263132488391400;
% c0069 = 0.03782849124218065600;
% c0070 = 0.00870068802486318250;
% c0071 = -0.25382708630704853000;
% c0072 = -0.09473041207382401600;
% c0073 = -0.00000346038821550954;
% c0074 = 0.59995769988364323000;
% c0075 = 0.25831760412194477000;
% c0076 = -0.00000563634119928991;
% c0077 = -0.02970820543601394500;
% c0078 = 0.00020435908963966845;
% c0079 = -0.00039691887699100045;
% c0080 = -0.47373618768498144000;
% c0081 = 0.18536375373504826000;
% c0082 = -0.00000592952631926879;
% c0083 = -0.60892972742188867000;
% c0084 = -0.00003780234007861612;
% c0085 = 0.00009259408750864509;
% c0086 = 0.26378972065607059000;
% c0087 = -0.00005971542361711116;
% c0088 = -0.00004742467820245060;
% c0089 = 0.00026568379002063768;
% c0090 = 0.13388839163049154000;
% c0091 = -0.17600747579494022000;
% c0092 = -0.00000700476915617524;
% c0093 = 0.17614391359811069000;
% c0094 = -0.00001184142073260743;
% c0095 = 0.00004242231080676861;
% c0096 = 0.13837219948051011000;
% c0097 = -0.00007494553067100931;
% c0098 = 0.00002081090173831879;
% c0099 = 0.00017181878986550201;
% c0100 = -0.11329080838264699000;
% c0101 = 0.00166125815427280920;
% c0102 = -0.00652669061990932430;
% c0103 = 0.00971124374371530770;
% c0104 = -0.00649177858914260120;
% c0105 = -0.00486366148154745730;
% c0106 = 0.12584811091303183000;
% c0107 = -0.00000379030907728875;
% c0108 = -0.22048267768611404000;
% c0109 = 0.00015479999869166111;
% c0110 = -0.00029637133861938451;
% c0111 = 0.12906183023804380000;
% c0112 = -0.00006023179092872005;
% c0113 = -0.00002369728687494770;
% c0114 = 0.00021827837448821989;
% c0115 = -0.03925794615391214200;
% c0116 = 0.00349692363638423600;
% c0117 = -0.01386893558480299100;
% c0118 = 0.02065438521449612300;
% c0119 = -0.01369359429808920100;
% c0120 = 0.01363940939623843600;
% c0121 = -0.00044559239205522550;
% c0122 = 0.00300339160307345080;
% c0123 = -0.00753526501092547600;
% c0124 = 0.00883349863340078710;
% c0125 = -0.00484506865769818160;

% % Polinomio
